664 3035
94
15 122 727 1100 1237 1244 1646 1964 1965 1968 1968 1977 1982 1991 2012 2012 2018 2019 2027 2039 2039 2040 2040 2046 2047 2047 2067 2076 2082 2087 2099 2124 2135 2135 2144 2169 2170 2172 2174 2197 2201 2204 2210 2234 2258 2263 2270 2274 2278 2312 2322 2326 2330 2358 2360 2362 2370 2374 2375 2393 2397 2400 2404 2415 2419 2428 2429 2441 2451 2454 2466 2479 2493 2499 2579 2601 2631 2633 2668 2669 2681 2724 2748 2751 2821 2853 2878 2891 2902 2904 2913 2924 2930 2953
0.4857 -0.0034 0.0049 -0.0045 0.0053 -0.0162 -0.0023 0.0151 0.0158 -0.0094 -0.0094 -0.0098 -0.0049 -0.0083 -0.0117 -0.0117 0.0053 0.0008 -0.0015 -0.0011 -0.0011 -0.0143 -0.0143 0.0591 0.0561 0.0561 -0.0068 0.0184 0.0079 0.0053 0.0026 -0.0094 -0.0286 -0.0286 -0.0109 -0.003 -0.0211 0.0034 0.0105 0.0139 -0.006 0.003 0.0181 -0.0237 0.0019 -0.0184 -0.0072 0.0143 0.0207 -0.0068 0.006 -0.0369 -0.0083 0.0041 0.0064 -0.0343 0.0083 0.0173 0.0094 -0.0365 0.0 -0.02 -0.0038 0.0226 -0.0109 -0.0282 0.023 -0.0128 -0.0045 -0.0068 0.0245 -0.0143 -0.0064 -0.0075 0.0162 0.0068 -0.0015 -0.0132 0.0109 0.0038 0.0072 0.0162 0.0053 -0.0053 -0.0023 0.0011 0.0068 0.0 0.0117 0.0064 0.0309 -0.0041 0.009 -0.0072
-0.0034 0.0737 0.0018 0.007 -0.0054 0.0036 0.003 -0.0032 0.0157 -0.0107 -0.0107 -0.002 -0.006 0.0207 -0.0053 -0.0053 -0.0052 -0.0051 0.0049 -0.0022 -0.0022 0.0064 0.0064 -0.0049 -0.0032 -0.0032 -0.0039 -0.0016 -0.0107 0.0183 0.0028 -0.0005 0.003 0.003 0.0032 0.0028 -0.0036 0.0015 0.0047 -0.001 0.0068 0.0031 0.005 -0.003 0.0005 -0.008 -0.0067 -0.0093 0.0021 -0.0017 0.0025 0.0017 0.0111 -0.0021 0.0139 -0.0052 -0.0053 -0.0024 -0.0134 -0.0011 0.0153 0.0138 0.0103 0.005 -0.0031 -0.0038 0.0213 0.002 0.0063 0.0068 -0.0048 0.0006 0.0004 0.0012 -0.0027 -0.0054 0.0039 0.0006 0.0081 0.0021 0.0106 -0.0194 0.0076 -0.0085 0.0064 0.0026 0.0135 0.0026 0.0068 0.0082 0.0003 -0.0047 0.0025 -0.01
0.0049 0.0018 0.1116 -0.004 0.0034 0.0105 0.0028 0.0029 0.0174 -0.0001 -0.0001 0.0034 0.008 0.0149 -0.0044 -0.0044 0.0015 -0.0008 0.016 -0.002 -0.002 0.0083 0.0083 0.0156 0.0162 0.0162 0.0134 0.0107 0.0026 0.0117 -0.0019 -0.0041 -0.0002 -0.0002 -0.0004 0.0017 0.001 -0.0002 -0.0011 0.0057 0.0009 0.0045 -0.0079 0.0044 -0.0046 0.0097 -0.0025 -0.0017 0.0031 0.0085 -0.0045 -0.0051 -0.0039 0.0022 0.0097 -0.0125 -0.0131 0.005 -0.0047 -0.0015 0.0029 -0.0181 0.0052 0.02 -0.0066 -0.0069 0.0115 -0.0067 -0.0064 -0.0032 0.0075 0.0054 -0.005 -0.002 -0.0007 -0.0042 -0.004 -0.0278 0.0017 -0.0027 -0.0005 -0.0111 -0.0033 -0.0064 -0.0003 0.0005 0.0115 -0.0086 0.0005 0.0162 -0.0024 0.0046 0.0045 -0.0044
-0.0045 0.007 -0.004 0.3759 0.0202 0.0329 0.0044 0.0068 -0.0184 0.0035 0.0035 -0.013 -0.003 -0.0139 -0.0116 -0.0116 0.0186 0.0184 0.0252 0.0074 0.0074 -0.0156 -0.0156 -0.0038 -0.0027 -0.0027 0.0105 -0.0145 -0.0208 0.0035 -0.0019 0.0069 0.0005 0.0005 -0.02 0.0036 0.0003 -0.0007 0.003 -0.0086 -0.0002 -0.0126 0.0061 -0.004 -0.0016 0.0047 -0.0055 0.0069 -0.0012 0.0327 0.0111 0.0146 -0.0074 0.0037 0.0006 0.0117 -0.0107 0.0139 0.0138 -0.0051 0.0097 0.0047 0.0003 0.0125 -0.0079 0.0111 -0.0129 0.0062 -0.0061 0.007 -0.0014 0.0175 -0.01 0.0037 0.0176 -0.0127 -0.0076 -0.0248 0.0038 -0.0157 0.0018 0.0088 -0.0188 -0.0005 -0.0183 0.0061 -0.004 0.0021 -0.0014 0.0195 0.0027 0.0385 -0.0157 -0.0126
0.0053 -0.0054 0.0034 0.0202 0.1972 0.0088 -0.009 0.0074 -0.0004 0.0024 0.0024 -0.0051 0.004 0.0144 -0.0001 -0.0001 0.0029 0.0065 0.0086 0.0025 0.0025 0.0071 0.0071 -0.0036 -0.0021 -0.0021 -0.0141 -0.0066 -0.0201 0.022 -0.0014 0.0014 0.0054 0.0054 -0.0065 -0.0021 -0.0023 -0.0001 0.004 -0.0026 -0.0027 -0.0017 0.0105 -0.0029 0.007 -0.0158 -0.0036 0.0184 0.0082 -0.0022 0.0142 -0.0102 0.0186 0.0114 -0.0024 -0.0333 -0.018 -0.0104 -0.0018 0.0144 0.0039 0.0113 -0.0106 0.0112 0.0068 0.0077 -0.0016 0.0133 0.003 0.0069 0.0201 0.0059 0.0069 -0.0041 0.0184 0.0252 -0.0083 0.0021 0.0079 0.0102 0.0025 0.0098 0.0134 -0.0054 -0.014 0.0075 -0.0084 0.0107 -0.0071 0.0093 -0.0067 0.0142 -0.0057 -0.0059
-0.0162 0.0036 0.0105 0.0329 0.0088 0.5809 0.0051 0.0301 -0.0156 0.016 0.016 0.0115 -0.0168 0.0046 0.0072 0.0072 -0.0146 -0.0205 0.028 0.0011 0.0011 0.006 0.006 0.0268 0.0256 0.0256 0.0374 0.0078 -0.009 0.0258 -0.0041 -0.0045 0.0032 0.0032 -0.0029 0.001 0.0036 -0.0023 -0.019 0.0278 0.0059 -0.0112 0.0121 -0.0152 -0.0056 -0.0131 0.0002 0.0244 0.0173 0.0158 0.0054 -0.0041 -0.0109 -0.0094 -0.0066 -0.0088 -0.0182 0.0185 0.0212 0.0058 0.0192 0.0058 0.0108 -0.0022 0.0136 0.0202 -0.0001 0.0226 -0.0099 0.0006 0.0086 0.0212 0.0085 -0.0021 0.0208 0.0172 -0.0042 -0.0674 0.007 -0.0129 0.0211 0.0055 -0.0121 0.005 -0.0012 0.0046 0.0107 0.018 -0.0026 -0.0075 0.0099 0.0268 0.0093 -0.0118
-0.0023 0.003 0.0028 0.0044 -0.009 0.0051 0.3777 0.0109 0.0011 0.011 0.011 0.0171 -0.0129 0.0137 0.0214 0.0214 -0.0007 -0.0041 0.0045 -0.0026 -0.0026 0.0238 0.0238 -0.0106 -0.0074 -0.0074 -0.0014 -0.0128 -0.0014 0.0247 0.0019 0.014 -0.0005 -0.0005 -0.0126 -0.0013 -0.0043 -0.0006 -0.0003 -0.0055 -0.005 -0.0194 0.0263 -0.0132 -0.0079 -0.0131 0.0196 -0.0006 -0.0072 0.0115 -0.0128 0.0181 0.0036 0.0033 0.0179 0.0029 0.0193 -0.005 0.0041 0.0077 0.0099 -0.004 -0.0231 0.0106 0.0257 0.0004 -0.0028 0.0054 -0.0127 -0.0072 -0.003 0.0232 -0.0154 -0.0039 -0.0145 -0.0055 -0.0049 -0.0018 0.0207 0.0352 0.0238 -0.0046 -0.0121 -0.0111 0.0334 0.0001 -0.0048 0.0171 0.0101 0.0053 0.0032 -0.0063 -0.0078 -0.0089
0.0151 -0.0032 0.0029 0.0068 0.0074 0.0301 0.0109 0.1411 -0.0588 0.0073 0.0073 0.0034 -0.0034 -0.0024 -0.0026 -0.0026 -0.0009 0.0 0.0041 -0.0046 -0.0046 -0.0001 -0.0001 0.0063 0.0061 0.0061 -0.0067 -0.0006 0.0016 0.0244 -0.0011 -0.0013 0.0075 0.0075 -0.0127 0.0022 0.005 -0.0002 0.0043 -0.0039 -0.0052 0.0072 0.0098 -0.0115 0.0007 0.0055 -0.0149 0.0146 0.0026 -0.0017 -0.0077 -0.0042 0.027 -0.0017 0.0181 0.0082 -0.0042 -0.0069 0.0069 0.0029 0.0046 -0.0035 0.0035 0.0006 0.006 -0.0175 -0.0071 0.0018 -0.0008 0.002 0.0148 0.0083 0.0186 -0.0017 -0.007 0.0111 -0.0034 0.0002 0.0 -0.0024 -0.0056 0.0046 -0.0211 -0.0003 -0.0113 0.0021 -0.0066 0.0057 0.0092 -0.0042 0.0006 0.0077 0.0142 0.0143
0.0158 0.0157 0.0174 -0.0184 -0.0004 -0.0156 0.0011 -0.0588 0.5075 0.0017 0.0017 -0.0063 -0.0139 0.03 0.004 0.004 0.0118 0.0076 0.0053 0.0037 0.0037 0.0019 0.0019 -0.0056 -0.0017 -0.0017 0.0023 0.0202 -0.0002 0.0072 -0.0057 0.0009 -0.0175 -0.0175 -0.004 -0.0072 -0.0141 -0.0012 -0.0136 0.0086 0.0035 0.0056 -0.0168 -0.0083 -0.0101 -0.0157 0.0069 -0.0688 -0.0056 -0.0134 -0.0042 0.0033 -0.0447 0.0119 -0.0069 0.0042 -0.0486 -0.0135 -0.0001 0.025 -0.0345 0.037 -0.0013 -0.0055 -0.0041 0.0354 0.0126 0.0019 -0.0163 -0.0102 -0.0299 -0.0131 -0.006 0.0001 0.0051 0.0141 -0.0074 -0.0103 -0.0117 0.0172 0.0125 -0.009 0.0443 -0.0223 0.0012 0.004 0.0343 0.0168 0.0189 0.0036 0.0059 -0.0299 -0.0318 0.012
-0.0094 -0.0107 -0.0001 0.0035 0.0024 0.016 0.011 0.0073 0.0017 0.2581 0.2581 0.0218 -0.0091 -0.007 0.0117 0.0117 0.0025 0.0013 0.0127 -0.0004 -0.0004 -0.008 -0.008 0.0227 0.0221 0.0221 -0.0066 0.0001 -0.0186 0.021 -0.0004 0.0135 0.0003 0.0003 0.0069 0.0018 -0.0008 -0.002 -0.0108 0.009 0.0036 0.011 0.0037 0.0084 -0.0004 0.016 0.0024 -0.011 -0.0097 0.0111 -0.0017 -0.0072 0.0232 -0.004 0.041 -0.0051 -0.0094 -0.0007 -0.0045 0.0245 0.0055 0.0092 -0.005 -0.0054 -0.0132 0.0528 -0.011 0.0028 0.0046 -0.0077 -0.009 0.0001 0.0073 -0.0015 0.0106 -0.0109 -0.0105 -0.0065 0.0051 0.0101 -0.0115 -0.002 -0.0157 -0.0263 -0.0013 0.0032 -0.0021 -0.0231 0.0154 -0.0117 -0.0003 0.0259 0.003 0.0113
-0.0094 -0.0107 -0.0001 0.0035 0.0024 0.016 0.011 0.0073 0.0017 0.2581 0.2581 0.0218 -0.0091 -0.007 0.0117 0.0117 0.0025 0.0013 0.0127 -0.0004 -0.0004 -0.008 -0.008 0.0227 0.0221 0.0221 -0.0066 0.0001 -0.0186 0.021 -0.0004 0.0135 0.0003 0.0003 0.0069 0.0018 -0.0008 -0.002 -0.0108 0.009 0.0036 0.011 0.0037 0.0084 -0.0004 0.016 0.0024 -0.011 -0.0097 0.0111 -0.0017 -0.0072 0.0232 -0.004 0.041 -0.0051 -0.0094 -0.0007 -0.0045 0.0245 0.0055 0.0092 -0.005 -0.0054 -0.0132 0.0528 -0.011 0.0028 0.0046 -0.0077 -0.009 0.0001 0.0073 -0.0015 0.0106 -0.0109 -0.0105 -0.0065 0.0051 0.0101 -0.0115 -0.002 -0.0157 -0.0263 -0.0013 0.0032 -0.0021 -0.0231 0.0154 -0.0117 -0.0003 0.0259 0.003 0.0113
-0.0098 -0.002 0.0034 -0.013 -0.0051 0.0115 0.0171 0.0034 -0.0063 0.0218 0.0218 0.2828 -0.0098 -0.0026 0.0202 0.0202 -0.0062 -0.0042 0.0014 0.0164 0.0164 0.005 0.005 0.0028 0.0043 0.0043 -0.0029 -0.0059 -0.0093 -0.0018 -0.001 0.0098 -0.0062 -0.0062 -0.0068 0.001 -0.0122 0.001 -0.0001 0.0053 -0.0331 0.0071 0.0041 0.0041 -0.0111 -0.002 0.0276 0.0135 -0.0043 0.0399 0.0077 -0.008 0.0131 0.0014 0.0084 0.0074 -0.0039 0.0085 0.0021 0.0188 0.0051 0.0131 -0.0085 0.0261 0.009 0.0026 -0.0107 -0.0059 -0.0011 -0.0004 0.014 -0.0047 0.0018 -0.0086 0.0228 0.0114 0.0009 0.0196 -0.0124 0.0008 0.0116 -0.0008 -0.0239 -0.0328 -0.0112 0.0005 0.0034 0.0015 -0.0073 -0.0253 0.0155 0.0031 -0.0195 0.0297
-0.0049 -0.006 0.008 -0.003 0.004 -0.0168 -0.0129 -0.0034 -0.0139 -0.0091 -0.0091 -0.0098 0.2656 -0.0231 -0.0043 -0.0043 -0.0118 -0.0132 0.0071 -0.0056 -0.0056 0.0048 0.0048 0.0061 -0.0009 -0.0009 0.0088 0.0008 0.0112 -0.003 0.0014 -0.0087 -0.0061 -0.0061 0.0086 0.0038 -0.0063 0.0026 -0.0055 0.0253 -0.0037 -0.0056 0.0061 -0.0034 -0.0108 0.014 0.0007 0.0134 0.0035 -0.0103 -0.0107 -0.0242 -0.023 -0.006 0.0006 -0.0131 0.0075 0.0086 0.0166 -0.018 0.0158 -0.0274 -0.0059 -0.0077 0.0138 -0.0222 0.0078 -0.0129 -0.0053 0.0032 -0.0027 0.0026 -0.0015 0.0081 -0.0076 -0.0066 0.0056 -0.0045 0.0028 -0.0216 -0.0189 0.0176 0.0011 0.0068 0.0049 -0.0037 -0.0114 -0.0056 -0.0065 -0.021 0.0093 -0.0083 0.0194 0.0194
-0.0083 0.0207 0.0149 -0.0139 0.0144 0.0046 0.0137 -0.0024 0.03 -0.007 -0.007 -0.0026 -0.0231 0.4695 -0.0186 -0.0186 0.0039 0.0046 0.0135 0.0132 0.0132 0.0318 0.0318 -0.03 -0.0264 -0.0264 0.0025 0.0048 0.0022 0.0019 0.0019 0.0111 0.0035 0.0035 -0.0211 0.0139 0.0019 0.0036 -0.0021 0.0 0.0306 0.0019 0.0089 0.0041 -0.011 -0.0175 0.0095 -0.0171 0.0064 -0.0093 -0.006 0.037 0.0004 -0.0013 0.0151 -0.0299 0.0092 -0.0077 -0.0292 0.012 0.0002 -0.0235 -0.0003 -0.0043 0.0193 0.0192 0.0067 -0.0125 -0.0014 0.0074 -0.0011 0.011 -0.0117 -0.0003 0.0159 0.0199 -0.0007 0.0043 0.0026 0.0214 -0.0054 0.0221 -0.004 -0.029 0.0073 -0.0016 0.0001 0.001 -0.0162 0.0199 0.0057 -0.0047 0.004 -0.022
-0.0117 -0.0053 -0.0044 -0.0116 -0.0001 0.0072 0.0214 -0.0026 0.004 0.0117 0.0117 0.0202 -0.0043 -0.0186 0.3005 0.3005 0.0164 0.0156 -0.0122 -0.0108 -0.0108 -0.024 -0.024 -0.0036 -0.0031 -0.0031 -0.0057 -0.0021 -0.0091 -0.0182 -0.0045 -0.0137 0.0108 0.0108 -0.0008 -0.0057 -0.0134 0.001 -0.0113 0.0 -0.0054 -0.0183 0.0023 0.0069 -0.0062 -0.0035 0.0332 0.0189 -0.0034 -0.0066 -0.0155 0.0122 0.0027 0.0088 -0.0036 0.0177 -0.002 -0.0002 -0.0159 -0.0031 -0.0155 0.0018 -0.0168 0.0319 -0.0 -0.0135 -0.0066 0.0042 -0.0106 0.0122 -0.0062 0.0204 -0.0086 0.0071 -0.0144 0.0046 0.0022 0.0575 -0.0081 -0.006 0.0056 0.0039 0.0241 -0.0157 0.0116 0.007 0.0067 0.0124 -0.0133 0.0133 -0.0028 0.0371 -0.0154 -0.0035
-0.0117 -0.0053 -0.0044 -0.0116 -0.0001 0.0072 0.0214 -0.0026 0.004 0.0117 0.0117 0.0202 -0.0043 -0.0186 0.3005 0.3005 0.0164 0.0156 -0.0122 -0.0108 -0.0108 -0.024 -0.024 -0.0036 -0.0031 -0.0031 -0.0057 -0.0021 -0.0091 -0.0182 -0.0045 -0.0137 0.0108 0.0108 -0.0008 -0.0057 -0.0134 0.001 -0.0113 0.0 -0.0054 -0.0183 0.0023 0.0069 -0.0062 -0.0035 0.0332 0.0189 -0.0034 -0.0066 -0.0155 0.0122 0.0027 0.0088 -0.0036 0.0177 -0.002 -0.0002 -0.0159 -0.0031 -0.0155 0.0018 -0.0168 0.0319 -0.0 -0.0135 -0.0066 0.0042 -0.0106 0.0122 -0.0062 0.0204 -0.0086 0.0071 -0.0144 0.0046 0.0022 0.0575 -0.0081 -0.006 0.0056 0.0039 0.0241 -0.0157 0.0116 0.007 0.0067 0.0124 -0.0133 0.0133 -0.0028 0.0371 -0.0154 -0.0035
0.0053 -0.0052 0.0015 0.0186 0.0029 -0.0146 -0.0007 -0.0009 0.0118 0.0025 0.0025 -0.0062 -0.0118 0.0039 0.0164 0.0164 0.1857 0.1809 0.0016 -0.005 -0.005 -0.0157 -0.0157 -0.0004 -0.0012 -0.0012 -0.0004 -0.0029 0.0093 -0.0318 0.0011 -0.0021 -0.0029 -0.0029 0.004 -0.0005 -0.0037 -0.0003 -0.0022 -0.0175 -0.0166 -0.0081 -0.0111 0.0253 0.0005 0.0038 -0.0038 -0.0101 0.0072 0.0241 -0.0129 -0.0122 0.0209 0.0089 -0.0138 0.01 0.0039 0.0104 0.0112 -0.0088 0.0035 0.0023 -0.0014 0.0253 -0.0084 0.0087 -0.0058 0.0018 -0.004 0.0036 0.0053 0.0103 -0.0116 0.0043 0.005 -0.0272 -0.008 0.0137 -0.0072 -0.0016 0.0091 -0.0096 0.0259 0.0002 -0.0008 0.0003 0.007 -0.0015 0.011 0.0151 -0.0006 0.0062 -0.0294 -0.0131
0.0008 -0.0051 -0.0008 0.0184 0.0065 -0.0205 -0.0041 0.0 0.0076 0.0013 0.0013 -0.0042 -0.0132 0.0046 0.0156 0.0156 0.1809 0.1882 0.0052 -0.0067 -0.0067 -0.0124 -0.0124 -0.002 -0.0028 -0.0028 0.0022 -0.0067 0.0047 -0.0328 0.0012 -0.0009 -0.0021 -0.0021 0.0025 -0.0003 -0.0055 -0.0003 -0.0014 -0.0191 -0.017 -0.0086 -0.0148 0.0218 0.001 0.0067 -0.0069 -0.0065 0.0086 0.0285 -0.0139 -0.0153 0.0236 0.0092 -0.0097 0.0139 0.0065 0.0075 0.0137 -0.0039 0.0089 0.0052 -0.0047 0.0251 -0.008 0.0083 -0.0111 0.0041 -0.0032 0.0027 0.0028 0.0116 -0.0106 0.0045 0.0039 -0.0232 -0.0076 0.0134 -0.0079 0.0024 0.0086 -0.0105 0.022 0.0012 -0.0027 0.0005 0.0049 0.0043 0.0127 0.019 -0.0059 0.0028 -0.033 -0.0104
-0.0015 0.0049 0.016 0.0252 0.0086 0.028 0.0045 0.0041 0.0053 0.0127 0.0127 0.0014 0.0071 0.0135 -0.0122 -0.0122 0.0016 0.0052 0.2443 0.0101 0.0101 -0.0027 -0.0027 0.0197 0.0202 0.0202 0.0144 -0.0039 -0.025 0.0345 0.0012 0.0094 0.0024 0.0024 0.0015 -0.0026 0.0025 -0.0017 -0.0017 0.0105 0.0048 -0.0029 -0.0156 0.0062 0.0096 0.0178 0.0011 0.0269 0.0048 0.005 -0.0065 0.0113 -0.0089 -0.0003 -0.0032 -0.0197 -0.0136 0.0164 -0.0136 0.0183 0.027 0.0193 0.0146 0.0106 0.0007 0.0032 0.0064 -0.0144 0.0035 -0.0307 0.006 -0.0049 -0.0059 -0.0018 0.0161 -0.0158 0.0055 -0.0057 0.0211 0.0023 0.0056 -0.0093 -0.0044 0.0031 0.0003 -0.0038 -0.0024 0.0069 0.005 0.0272 -0.0136 0.0169 0.0158 -0.0109
-0.0011 -0.0022 -0.002 0.0074 0.0025 0.0011 -0.0026 -0.0046 0.0037 -0.0004 -0.0004 0.0164 -0.0056 0.0132 -0.0108 -0.0108 -0.005 -0.0067 0.0101 0.1883 0.1883 0.122 0.122 -0.0565 -0.0527 -0.0527 -0.0182 0.0007 0.0045 0.0081 -0.0005 0.0061 0.01 0.01 -0.0078 0.0069 0.009 0.0012 0.0123 0.007 0.0018 -0.0145 -0.0158 -0.0128 -0.006 0.0062 -0.0076 -0.0098 -0.0044 0.0148 -0.0114 0.0015 0.0001 0.0011 0.0118 -0.0154 0.0132 -0.01 -0.0012 -0.0005 0.0077 0.0009 0.0056 0.0044 0.0266 0.0015 -0.0063 -0.0029 0.0 0.0125 0.0011 0.0093 0.0169 -0.0004 -0.0017 -0.0166 0.0023 -0.0207 -0.0043 -0.0 -0.0169 -0.0103 0.007 -0.0133 0.0007 0.0047 0.0078 0.0009 0.015 -0.0195 0.0004 -0.0003 -0.0019 -0.025
-0.0011 -0.0022 -0.002 0.0074 0.0025 0.0011 -0.0026 -0.0046 0.0037 -0.0004 -0.0004 0.0164 -0.0056 0.0132 -0.0108 -0.0108 -0.005 -0.0067 0.0101 0.1883 0.1883 0.122 0.122 -0.0565 -0.0527 -0.0527 -0.0182 0.0007 0.0045 0.0081 -0.0005 0.0061 0.01 0.01 -0.0078 0.0069 0.009 0.0012 0.0123 0.007 0.0018 -0.0145 -0.0158 -0.0128 -0.006 0.0062 -0.0076 -0.0098 -0.0044 0.0148 -0.0114 0.0015 0.0001 0.0011 0.0118 -0.0154 0.0132 -0.01 -0.0012 -0.0005 0.0077 0.0009 0.0056 0.0044 0.0266 0.0015 -0.0063 -0.0029 0.0 0.0125 0.0011 0.0093 0.0169 -0.0004 -0.0017 -0.0166 0.0023 -0.0207 -0.0043 -0.0 -0.0169 -0.0103 0.007 -0.0133 0.0007 0.0047 0.0078 0.0009 0.015 -0.0195 0.0004 -0.0003 -0.0019 -0.025
-0.0143 0.0064 0.0083 -0.0156 0.0071 0.006 0.0238 -0.0001 0.0019 -0.008 -0.008 0.005 0.0048 0.0318 -0.024 -0.024 -0.0157 -0.0124 -0.0027 0.122 0.122 0.4141 0.4141 -0.012 -0.0128 -0.0128 -0.0337 0.0209 0.0294 -0.0251 0.0001 -0.0113 0.0199 0.0199 -0.0035 0.0036 0.0028 0.0022 0.0176 0.0005 -0.0077 -0.0057 0.0092 0.0126 -0.0044 0.0048 -0.0124 0.0051 0.0082 0.0301 -0.0117 0.0114 -0.0188 0.0075 0.0343 0.0389 -0.0154 0.0024 -0.005 0.0109 0.0188 -0.0359 0.0005 0.0001 0.0113 0.0095 -0.007 -0.0225 0.0013 0.0028 -0.0166 -0.0028 0.051 0.0048 -0.03 -0.0032 0.0112 -0.0361 -0.0124 0.0013 -0.0097 -0.0229 -0.0196 -0.002 0.0126 0.0009 -0.0013 -0.0046 0.0377 0.0174 0.0077 -0.006 0.0231 -0.0183
-0.0143 0.0064 0.0083 -0.0156 0.0071 0.006 0.0238 -0.0001 0.0019 -0.008 -0.008 0.005 0.0048 0.0318 -0.024 -0.024 -0.0157 -0.0124 -0.0027 0.122 0.122 0.4141 0.4141 -0.012 -0.0128 -0.0128 -0.0337 0.0209 0.0294 -0.0251 0.0001 -0.0113 0.0199 0.0199 -0.0035 0.0036 0.0028 0.0022 0.0176 0.0005 -0.0077 -0.0057 0.0092 0.0126 -0.0044 0.0048 -0.0124 0.0051 0.0082 0.0301 -0.0117 0.0114 -0.0188 0.0075 0.0343 0.0389 -0.0154 0.0024 -0.005 0.0109 0.0188 -0.0359 0.0005 0.0001 0.0113 0.0095 -0.007 -0.0225 0.0013 0.0028 -0.0166 -0.0028 0.051 0.0048 -0.03 -0.0032 0.0112 -0.0361 -0.0124 0.0013 -0.0097 -0.0229 -0.0196 -0.002 0.0126 0.0009 -0.0013 -0.0046 0.0377 0.0174 0.0077 -0.006 0.0231 -0.0183
0.0591 -0.0049 0.0156 -0.0038 -0.0036 0.0268 -0.0106 0.0063 -0.0056 0.0227 0.0227 0.0028 0.0061 -0.03 -0.0036 -0.0036 -0.0004 -0.002 0.0197 -0.0565 -0.0565 -0.012 -0.012 0.4623 0.4442 0.4442 -0.0024 -0.0028 -0.0106 0.0276 -0.0064 0.0135 -0.0028 -0.0028 0.0 -0.0045 0.0033 0.0004 0.0168 0.0022 0.0225 0.0157 0.0126 0.0055 0.0035 -0.0072 0.0132 0.0498 0.006 -0.0027 0.0246 -0.0113 0.0007 0.0042 0.015 0.0074 -0.025 -0.006 0.0161 0.0159 0.0187 -0.0275 0.0135 -0.0016 -0.0116 -0.0193 0.0292 -0.0137 0.0183 -0.0017 0.0254 -0.0155 0.0127 0.0 0.0084 0.0304 -0.0105 -0.0057 -0.0051 -0.0043 0.0048 -0.0157 0.0081 -0.0299 -0.0012 0.0027 -0.002 -0.0309 -0.0097 0.0149 0.0024 0.0086 0.0029 0.0379
0.0561 -0.0032 0.0162 -0.0027 -0.0021 0.0256 -0.0074 0.0061 -0.0017 0.0221 0.0221 0.0043 -0.0009 -0.0264 -0.0031 -0.0031 -0.0012 -0.0028 0.0202 -0.0527 -0.0527 -0.0128 -0.0128 0.4442 0.465 0.465 0.007 -0.0007 -0.0094 0.0126 -0.0061 0.0079 -0.0077 -0.0077 0.0033 -0.0056 0.0009 0.0004 0.019 -0.0055 0.0136 0.0217 0.0104 0.0043 0.0037 -0.0167 0.016 0.0411 0.0042 0.0015 0.0262 0.0003 -0.0004 0.0053 0.0137 0.0039 -0.0277 -0.0087 0.0116 0.0171 0.0169 -0.0325 0.0126 -0.0084 -0.0102 -0.0191 0.0223 -0.0098 0.0084 0.0016 0.0226 -0.0129 0.0159 -0.0024 0.0173 0.0363 -0.0169 0.0007 -0.0073 -0.0134 0.0048 -0.0111 0.0113 -0.0344 -0.0071 0.0003 0.0006 -0.0331 -0.0 0.0222 0.0014 0.0105 0.0103 0.046
0.0561 -0.0032 0.0162 -0.0027 -0.0021 0.0256 -0.0074 0.0061 -0.0017 0.0221 0.0221 0.0043 -0.0009 -0.0264 -0.0031 -0.0031 -0.0012 -0.0028 0.0202 -0.0527 -0.0527 -0.0128 -0.0128 0.4442 0.465 0.465 0.007 -0.0007 -0.0094 0.0126 -0.0061 0.0079 -0.0077 -0.0077 0.0033 -0.0056 0.0009 0.0004 0.019 -0.0055 0.0136 0.0217 0.0104 0.0043 0.0037 -0.0167 0.016 0.0411 0.0042 0.0015 0.0262 0.0003 -0.0004 0.0053 0.0137 0.0039 -0.0277 -0.0087 0.0116 0.0171 0.0169 -0.0325 0.0126 -0.0084 -0.0102 -0.0191 0.0223 -0.0098 0.0084 0.0016 0.0226 -0.0129 0.0159 -0.0024 0.0173 0.0363 -0.0169 0.0007 -0.0073 -0.0134 0.0048 -0.0111 0.0113 -0.0344 -0.0071 0.0003 0.0006 -0.0331 -0.0 0.0222 0.0014 0.0105 0.0103 0.046
-0.0068 -0.0039 0.0134 0.0105 -0.0141 0.0374 -0.0014 -0.0067 0.0023 -0.0066 -0.0066 -0.0029 0.0088 0.0025 -0.0057 -0.0057 -0.0004 0.0022 0.0144 -0.0182 -0.0182 -0.0337 -0.0337 -0.0024 0.007 0.007 0.487 -0.0279 -0.0035 -0.0286 0.001 -0.0195 -0.0029 -0.0029 0.0091 -0.003 -0.007 0.0001 -0.0236 -0.0106 -0.0031 -0.0309 -0.0212 0.0136 0.0073 0.0165 0.0069 -0.0163 -0.0138 -0.017 0.0033 0.0122 -0.0172 -0.0113 -0.0126 -0.0213 -0.0209 0.013 -0.0037 -0.0176 0.0044 -0.0046 -0.0017 -0.0027 -0.0283 0.0076 -0.0089 0.0302 0.0106 0.0253 -0.0224 0.0068 0.0083 -0.0071 -0.0127 -0.005 0.0023 -0.0067 0.0252 -0.02 -0.0096 -0.0089 0.0219 -0.0106 -0.0189 -0.0038 0.0003 0.0007 0.0107 -0.0175 -0.017 -0.0128 0.0124 0.0599
0.0184 -0.0016 0.0107 -0.0145 -0.0066 0.0078 -0.0128 -0.0006 0.0202 0.0001 0.0001 -0.0059 0.0008 0.0048 -0.0021 -0.0021 -0.0029 -0.0067 -0.0039 0.0007 0.0007 0.0209 0.0209 -0.0028 -0.0007 -0.0007 -0.0279 0.5235 0.3713 -0.0262 0.0007 0.0175 0.0024 0.0024 0.0195 0.0062 0.0095 0.0017 -0.0075 0.0099 0.0116 -0.0103 -0.0045 0.0035 -0.006 -0.0116 -0.0112 0.0032 0.017 0.0025 0.0231 0.0033 0.0045 -0.0104 0.0066 -0.011 -0.0091 0.0148 0.0004 -0.0058 -0.0164 -0.035 -0.0029 0.0306 -0.0042 0.0284 0.0356 -0.0116 -0.0234 -0.0005 0.0226 -0.0156 -0.0164 0.0039 -0.0141 0.0066 -0.0011 -0.0137 -0.0051 -0.016 -0.0037 -0.0275 -0.0005 0.0119 -0.0242 -0.0045 0.0088 0.0171 -0.0203 -0.0185 -0.0035 0.0172 0.0002 -0.0084
0.0079 -0.0107 0.0026 -0.0208 -0.0201 -0.009 -0.0014 0.0016 -0.0002 -0.0186 -0.0186 -0.0093 0.0112 0.0022 -0.0091 -0.0091 0.0093 0.0047 -0.025 0.0045 0.0045 0.0294 0.0294 -0.0106 -0.0094 -0.0094 -0.0035 0.3713 0.4921 -0.0748 -0.0046 0.0004 -0.0047 -0.0047 0.0198 0.002 0.0024 0.0019 -0.0141 0.0231 0.0152 -0.022 -0.0031 0.0058 -0.0069 0.0119 0.0115 0.0004 0.0012 0.0377 0.0006 0.0049 0.0162 -0.0053 0.0318 0.0129 -0.0187 0.0199 -0.014 -0.0265 -0.0102 -0.037 -0.0131 0.0263 -0.0072 0.0035 0.0193 -0.0159 -0.0217 0.0107 0.0196 -0.0069 0.0024 0.0036 -0.0174 0.0031 0.0042 -0.0053 -0.0043 -0.0255 -0.0132 -0.0322 -0.0128 0.0213 -0.0101 -0.0042 -0.0009 0.0256 0.0015 -0.0185 -0.0031 0.0226 0.0103 0.0069
0.0053 0.0183 0.0117 0.0035 0.022 0.0258 0.0247 0.0244 0.0072 0.021 0.021 -0.0018 -0.003 0.0019 -0.0182 -0.0182 -0.0318 -0.0328 0.0345 0.0081 0.0081 -0.0251 -0.0251 0.0276 0.0126 0.0126 -0.0286 -0.0262 -0.0748 0.578 0.0027 0.0226 0.0104 0.0104 -0.0015 -0.0005 0.0164 -0.0028 -0.0122 0.0136 0.0317 -0.0034 0.0102 0.0018 0.0107 -0.0193 0.0163 -0.0182 0.004 -0.0068 0.0047 0.0221 0.0056 0.0022 -0.015 -0.0129 0.0171 -0.0005 -0.0017 0.018 0.0111 0.0334 0.0412 -0.0205 0.0218 0.05 0.0277 -0.0119 -0.0011 0.0132 -0.0064 0.0148 -0.0366 -0.001 -0.0036 0.0355 0.0024 -0.0203 0.0215 -0.0052 0.0455 -0.0076 -0.033 -0.0238 -0.0082 0.0072 -0.0057 -0.012 -0.002 0.0116 0.0155 -0.0007 0.0046 -0.0178
0.0026 0.0028 -0.0019 -0.0019 -0.0014 -0.0041 0.0019 -0.0011 -0.0057 -0.0004 -0.0004 -0.001 0.0014 0.0019 -0.0045 -0.0045 0.0011 0.0012 0.0012 -0.0005 -0.0005 0.0001 0.0001 -0.0064 -0.0061 -0.0061 0.001 0.0007 -0.0046 0.0027 0.0223 0.0013 0.0051 0.0051 -0.0029 0.0011 0.0042 0.0015 0.0024 -0.0009 -0.0033 0.0037 -0.0018 -0.0026 -0.0 -0.0064 -0.0021 0.0006 -0.0009 -0.0016 0.0034 -0.0042 0.0025 -0.001 -0.0038 -0.0001 -0.0004 0.002 -0.0024 -0.003 -0.0052 0.0019 0.0046 0.0082 0.0025 0.0042 0.0025 -0.0003 0.0025 0.0002 0.0067 0.0008 -0.0067 0.001 0.0044 0.0041 -0.001 0.001 -0.0047 -0.0004 0.0021 0.0027 -0.0005 0.0025 -0.0052 -0.0006 0.0021 -0.0032 -0.0025 -0.0003 0.0027 -0.0013 0.003 0.0024
-0.0094 -0.0005 -0.0041 0.0069 0.0014 -0.0045 0.014 -0.0013 0.0009 0.0135 0.0135 0.0098 -0.0087 0.0111 -0.0137 -0.0137 -0.0021 -0.0009 0.0094 0.0061 0.0061 -0.0113 -0.0113 0.0135 0.0079 0.0079 -0.0195 0.0175 0.0004 0.0226 0.0013 0.1758 0.004 0.004 -0.0007 0.0044 -0.0094 -0.0018 -0.0031 -0.0046 0.0123 0.0003 -0.0063 -0.0038 0.0035 -0.0034 0.0043 0.0028 0.0171 0.0106 -0.0133 0.0025 -0.0071 0.0068 0.002 0.0026 -0.0033 0.0039 0.0 -0.0028 0.0177 -0.0056 0.0211 0.0231 0.0041 0.0105 -0.0068 -0.0054 -0.002 0.0019 0.0212 0.011 -0.0034 -0.0058 0.0186 0.0003 -0.0025 -0.0068 -0.004 -0.0072 -0.0036 -0.0032 0.0083 -0.0144 -0.0227 -0.0006 0.0019 -0.0044 -0.0061 -0.0057 -0.0047 -0.0046 0.0067 0.0101
-0.0286 0.003 -0.0002 0.0005 0.0054 0.0032 -0.0005 0.0075 -0.0175 0.0003 0.0003 -0.0062 -0.0061 0.0035 0.0108 0.0108 -0.0029 -0.0021 0.0024 0.01 0.01 0.0199 0.0199 -0.0028 -0.0077 -0.0077 -0.0029 0.0024 -0.0047 0.0104 0.0051 0.004 0.1357 0.1357 -0.0035 -0.0035 0.0059 0.0013 -0.0017 0.0035 -0.0061 -0.0029 0.0084 0.0042 -0.0012 0.0037 -0.009 -0.0159 -0.0036 0.0147 0.0009 -0.006 0.0143 -0.001 0.0008 0.0038 -0.0066 -0.0022 0.0029 0.0158 0.0019 0.0127 0.0029 0.0031 0.0055 0.0117 0.0155 0.0155 0.0007 -0.0028 0.016 0.0065 0.0012 -0.0013 -0.0031 0.0206 -0.0042 0.007 -0.006 0.004 0.0055 0.0117 -0.0169 -0.0044 -0.0001 -0.002 -0.0033 0.0022 -0.0085 -0.022 -0.0026 -0.0066 0.0176 -0.012
-0.0286 0.003 -0.0002 0.0005 0.0054 0.0032 -0.0005 0.0075 -0.0175 0.0003 0.0003 -0.0062 -0.0061 0.0035 0.0108 0.0108 -0.0029 -0.0021 0.0024 0.01 0.01 0.0199 0.0199 -0.0028 -0.0077 -0.0077 -0.0029 0.0024 -0.0047 0.0104 0.0051 0.004 0.1357 0.1357 -0.0035 -0.0035 0.0059 0.0013 -0.0017 0.0035 -0.0061 -0.0029 0.0084 0.0042 -0.0012 0.0037 -0.009 -0.0159 -0.0036 0.0147 0.0009 -0.006 0.0143 -0.001 0.0008 0.0038 -0.0066 -0.0022 0.0029 0.0158 0.0019 0.0127 0.0029 0.0031 0.0055 0.0117 0.0155 0.0155 0.0007 -0.0028 0.016 0.0065 0.0012 -0.0013 -0.0031 0.0206 -0.0042 0.007 -0.006 0.004 0.0055 0.0117 -0.0169 -0.0044 -0.0001 -0.002 -0.0033 0.0022 -0.0085 -0.022 -0.0026 -0.0066 0.0176 -0.012
-0.0109 0.0032 -0.0004 -0.02 -0.0065 -0.0029 -0.0126 -0.0127 -0.004 0.0069 0.0069 -0.0068 0.0086 -0.0211 -0.0008 -0.0008 0.004 0.0025 0.0015 -0.0078 -0.0078 -0.0035 -0.0035 0.0 0.0033 0.0033 0.0091 0.0195 0.0198 -0.0015 -0.0029 -0.0007 -0.0035 -0.0035 0.2393 -0.0048 0.0078 0.0011 -0.0153 0.0039 -0.005 -0.0132 0.0009 0.0059 -0.0016 0.015 0.0186 -0.0013 0.0078 -0.0001 0.003 0.0101 0.003 -0.0079 0.019 0.0075 0.0047 0.0134 0.0045 -0.0062 -0.0025 0.0143 0.0067 -0.0175 0.0302 0.0081 0.0025 0.0016 -0.0001 0.0125 0.0111 0.0022 0.0348 0.0026 -0.0183 0.0084 0.0007 0.0004 0.0036 -0.0187 0.0067 -0.0049 0.0089 0.0023 -0.0069 -0.0001 0.0063 0.0163 0.0123 0.0119 -0.0053 0.0027 -0.0018 -0.0102
-0.003 0.0028 0.0017 0.0036 -0.0021 0.001 -0.0013 0.0022 -0.0072 0.0018 0.0018 0.001 0.0038 0.0139 -0.0057 -0.0057 -0.0005 -0.0003 -0.0026 0.0069 0.0069 0.0036 0.0036 -0.0045 -0.0056 -0.0056 -0.003 0.0062 0.002 -0.0005 0.0011 0.0044 -0.0035 -0.0035 -0.0048 0.0356 0.0163 0.0045 -0.0015 -0.0042 0.0002 -0.004 -0.0031 -0.0028 0.0023 -0.0024 0.0018 -0.0009 0.0004 -0.0101 -0.0021 -0.0055 -0.0016 0.0001 -0.0029 -0.0049 0.0032 0.0057 -0.0025 -0.0062 -0.0037 -0.0039 0.0058 0.004 -0.0003 -0.0013 0.0016 0.0013 0.0001 0.0021 0.0082 -0.0009 -0.0028 0.0038 0.0088 0.0097 0.0016 -0.0091 0.0045 0.0052 -0.0011 -0.0066 -0.0008 0.0005 -0.0073 0.0007 -0.0021 -0.0006 -0.0024 0.0054 0.0003 -0.0001 -0.0038 -0.0078
-0.0211 -0.0036 0.001 0.0003 -0.0023 0.0036 -0.0043 0.005 -0.0141 -0.0008 -0.0008 -0.0122 -0.0063 0.0019 -0.0134 -0.0134 -0.0037 -0.0055 0.0025 0.009 0.009 0.0028 0.0028 0.0033 0.0009 0.0009 -0.007 0.0095 0.0024 0.0164 0.0042 -0.0094 0.0059 0.0059 0.0078 0.0163 0.2075 -0.0003 -0.0041 0.0042 -0.0022 -0.0134 0.0059 0.0065 -0.0047 0.0006 0.0021 -0.0198 0.0033 0.0096 0.0037 0.0087 0.0129 0.0019 -0.0182 -0.0173 0.0047 0.003 -0.0046 0.0227 -0.017 -0.013 0.0087 -0.0052 0.0209 0.0186 0.0104 -0.0007 0.0001 -0.0008 0.0107 0.0093 0.0065 -0.0045 -0.0086 0.0074 0.0001 -0.0184 -0.0068 0.0195 -0.0022 -0.0231 -0.0161 0.0002 -0.0037 -0.0024 -0.0113 -0.0094 0.0136 -0.0016 0.0019 0.0072 -0.0091 0.0045
0.0034 0.0015 -0.0002 -0.0007 -0.0001 -0.0023 -0.0006 -0.0002 -0.0012 -0.002 -0.002 0.001 0.0026 0.0036 0.001 0.001 -0.0003 -0.0003 -0.0017 0.0012 0.0012 0.0022 0.0022 0.0004 0.0004 0.0004 0.0001 0.0017 0.0019 -0.0028 0.0015 -0.0018 0.0013 0.0013 0.0011 0.0045 -0.0003 0.0045 -0.0002 -0.0004 0.0031 0.0009 -0.0006 -0.0006 -0.0001 -0.0007 0.0008 -0.0009 0.0012 -0.0041 0.001 -0.0015 -0.0014 -0.0001 0.0035 -0.0025 0.0031 0.0037 -0.0006 0.0003 -0.0006 -0.0015 0.0008 0.0016 0.0006 0.0001 0.0013 0.0009 0.0013 0.001 0.0021 0.0012 0.0035 0.0045 0.0048 0.005 0.0014 0.0016 -0.0006 -0.0025 0.0009 0.0033 0.0002 0.0005 -0.001 -0.0001 0.0013 -0.0007 -0.0012 0.002 -0.0002 0.0008 0.0031 0.0001
0.0105 0.0047 -0.0011 0.003 0.004 -0.019 -0.0003 0.0043 -0.0136 -0.0108 -0.0108 -0.0001 -0.0055 -0.0021 -0.0113 -0.0113 -0.0022 -0.0014 -0.0017 0.0123 0.0123 0.0176 0.0176 0.0168 0.019 0.019 -0.0236 -0.0075 -0.0141 -0.0122 0.0024 -0.0031 -0.0017 -0.0017 -0.0153 -0.0015 -0.0041 -0.0002 0.1256 -0.0028 -0.0014 0.0016 -0.0058 -0.0076 -0.0026 0.0108 -0.0077 0.0055 -0.0009 0.0023 -0.0035 0.0012 -0.0123 0.0016 -0.0035 0.0034 0.0118 -0.0124 0.0135 -0.0206 0.0077 0.0017 -0.0056 0.0083 0.0129 -0.0061 0.0087 -0.0032 0.0028 0.0051 0.0042 -0.003 -0.0106 -0.0023 0.0148 -0.0202 -0.0031 0.0044 -0.0053 0.0114 0.0161 0.0057 -0.0077 0.0287 0.0061 -0.0014 -0.0142 0.0031 0.0028 0.0018 -0.0036 0.0104 -0.0081 -0.0114
0.0139 -0.001 0.0057 -0.0086 -0.0026 0.0278 -0.0055 -0.0039 0.0086 0.009 0.009 0.0053 0.0253 0.0 0.0 0.0 -0.0175 -0.0191 0.0105 0.007 0.007 0.0005 0.0005 0.0022 -0.0055 -0.0055 -0.0106 0.0099 0.0231 0.0136 -0.0009 -0.0046 0.0035 0.0035 0.0039 -0.0042 0.0042 -0.0004 -0.0028 0.2197 0.0066 -0.0139 0.0082 -0.0021 -0.0036 0.0279 -0.0148 0.0059 0.0066 -0.0029 -0.0105 0.0065 0.006 -0.0064 0.0089 -0.0128 -0.0047 -0.0103 -0.0038 0.0084 0.004 0.003 0.0023 0.0295 -0.0039 -0.0028 -0.0108 0.018 -0.0014 -0.005 0.0183 0.0144 -0.013 0.0004 -0.011 0.0067 0.0023 0.0049 0.0077 -0.0099 0.0016 0.0102 -0.0239 0.0053 0.0009 0.0024 -0.0063 -0.0148 -0.0025 -0.0156 0.0008 0.0207 -0.0163 0.0034
-0.006 0.0068 0.0009 -0.0002 -0.0027 0.0059 -0.005 -0.0052 0.0035 0.0036 0.0036 -0.0331 -0.0037 0.0306 -0.0054 -0.0054 -0.0166 -0.017 0.0048 0.0018 0.0018 -0.0077 -0.0077 0.0225 0.0136 0.0136 -0.0031 0.0116 0.0152 0.0317 -0.0033 0.0123 -0.0061 -0.0061 -0.005 0.0002 -0.0022 0.0031 -0.0014 0.0066 0.305 -0.0227 0.0124 0.019 0.0036 -0.0019 0.0038 -0.0154 -0.0027 0.0032 0.0078 0.012 -0.0162 0.0073 -0.0094 -0.029 -0.0201 0.0056 -0.012 0.0079 0.0006 0.0177 0.0008 0.0195 -0.017 0.0069 0.0179 0.0367 0.0087 0.0225 0.0206 0.0028 -0.0036 0.0082 -0.0173 0.001 0.0119 -0.0118 0.003 0.0025 0.0108 0.0047 0.0085 0.0165 -0.0097 0.004 0.0016 -0.0192 -0.0033 0.0065 -0.0025 0.0048 0.013 -0.0189
0.003 0.0031 0.0045 -0.0126 -0.0017 -0.0112 -0.0194 0.0072 0.0056 0.011 0.011 0.0071 -0.0056 0.0019 -0.0183 -0.0183 -0.0081 -0.0086 -0.0029 -0.0145 -0.0145 -0.0057 -0.0057 0.0157 0.0217 0.0217 -0.0309 -0.0103 -0.022 -0.0034 0.0037 0.0003 -0.0029 -0.0029 -0.0132 -0.004 -0.0134 0.0009 0.0016 -0.0139 -0.0227 0.3543 -0.0071 -0.0368 0.001 -0.0029 0.0089 0.0054 -0.0082 -0.0045 0.0119 0.0012 0.0087 -0.0124 -0.0291 -0.0115 0.0017 0.0103 -0.0138 0.026 -0.0232 -0.03 0.0047 -0.0487 0.0238 -0.0188 -0.0176 -0.0385 -0.0004 -0.014 0.018 0.001 0.0144 -0.002 0.007 0.0029 0.0081 -0.0147 -0.0083 0.0059 0.0 -0.0101 0.0096 0.0079 0.0105 0.0052 -0.0026 0.0256 -0.0021 0.0166 0.0094 0.0003 -0.0031 0.0114
0.0181 0.005 -0.0079 0.0061 0.0105 0.0121 0.0263 0.0098 -0.0168 0.0037 0.0037 0.0041 0.0061 0.0089 0.0023 0.0023 -0.0111 -0.0148 -0.0156 -0.0158 -0.0158 0.0092 0.0092 0.0126 0.0104 0.0104 -0.0212 -0.0045 -0.0031 0.0102 -0.0018 -0.0063 0.0084 0.0084 0.0009 -0.0031 0.0059 -0.0006 -0.0058 0.0082 0.0124 -0.0071 0.3289 -0.0033 -0.0002 -0.0008 -0.0096 0.012 0.0153 -0.0142 -0.0015 0.005 0.0036 0.0003 0.0092 0.0071 0.0037 -0.0193 -0.0002 0.0059 0.0185 0.0308 -0.0212 -0.0036 0.019 0.0013 0.0139 0.0205 0.0145 0.0123 0.0065 0.0197 0.0043 -0.0084 -0.019 0.0087 -0.0063 0.0027 -0.0098 0.0177 -0.0119 0.0021 -0.017 0.0019 0.0229 -0.0041 -0.0078 0.0107 0.0143 -0.0201 0.0164 0.0027 0.0313 0.0004
-0.0237 -0.003 0.0044 -0.004 -0.0029 -0.0152 -0.0132 -0.0115 -0.0083 0.0084 0.0084 0.0041 -0.0034 0.0041 0.0069 0.0069 0.0253 0.0218 0.0062 -0.0128 -0.0128 0.0126 0.0126 0.0055 0.0043 0.0043 0.0136 0.0035 0.0058 0.0018 -0.0026 -0.0038 0.0042 0.0042 0.0059 -0.0028 0.0065 -0.0006 -0.0076 -0.0021 0.019 -0.0368 -0.0033 0.3896 -0.0003 -0.0063 0.0218 0.0093 0.0128 -0.0235 0.0133 0.0362 0.0261 0.0109 0.0114 0.028 0.0087 0.0033 0.0122 0.0225 0.0256 -0.0312 0.0062 0.0196 -0.0051 0.0319 0.0139 -0.0076 0.001 -0.0022 0.028 0.0009 -0.0295 0.0006 0.0259 0.006 0.0013 0.0056 -0.0073 0.009 0.0049 -0.0033 0.0087 0.0019 -0.0032 0.0107 0.0044 0.0102 -0.0052 0.0017 -0.0011 0.0184 -0.0019 0.0256
0.0019 0.0005 -0.0046 -0.0016 0.007 -0.0056 -0.0079 0.0007 -0.0101 -0.0004 -0.0004 -0.0111 -0.0108 -0.011 -0.0062 -0.0062 0.0005 0.001 0.0096 -0.006 -0.006 -0.0044 -0.0044 0.0035 0.0037 0.0037 0.0073 -0.006 -0.0069 0.0107 -0.0 0.0035 -0.0012 -0.0012 -0.0016 0.0023 -0.0047 -0.0001 -0.0026 -0.0036 0.0036 0.001 -0.0002 -0.0003 0.0895 -0.012 -0.0164 -0.0054 -0.0034 -0.0085 0.0021 -0.0026 0.0158 -0.0009 -0.0024 0.0014 0.0018 -0.0097 0.0038 -0.0028 -0.0055 0.0084 -0.0021 -0.0067 -0.0018 -0.0071 0.0084 -0.0035 0.004 -0.0083 -0.0067 -0.0027 0.0024 -0.0028 0.0177 -0.0019 -0.004 0.0069 -0.0028 -0.0004 0.0051 -0.0015 -0.0009 0.0096 0.001 -0.0017 0.006 -0.002 -0.0121 0.0109 0.0063 -0.0059 -0.0053 0.0079
-0.0184 -0.008 0.0097 0.0047 -0.0158 -0.0131 -0.0131 0.0055 -0.0157 0.016 0.016 -0.002 0.014 -0.0175 -0.0035 -0.0035 0.0038 0.0067 0.0178 0.0062 0.0062 0.0048 0.0048 -0.0072 -0.0167 -0.0167 0.0165 -0.0116 0.0119 -0.0193 -0.0064 -0.0034 0.0037 0.0037 0.015 -0.0024 0.0006 -0.0007 0.0108 0.0279 -0.0019 -0.0029 -0.0008 -0.0063 -0.012 0.3638 -0.0048 -0.0178 0.0022 -0.0054 0.0056 0.001 -0.0527 0.0023 0.0047 0.0352 0.0193 0.0147 -0.0036 -0.0084 -0.0168 0.0076 0.0175 0.0215 0.008 0.002 -0.0157 0.0113 0.0031 0.0166 -0.0035 -0.0033 0.0136 0.0008 -0.0188 -0.0087 0.0181 -0.0083 0.0043 0.0229 -0.0307 -0.0125 0.0051 -0.0055 -0.0052 -0.0059 -0.0128 -0.0137 0.0284 0.019 0.0059 0.0181 -0.0068 0.0039
-0.0072 -0.0067 -0.0025 -0.0055 -0.0036 0.0002 0.0196 -0.0149 0.0069 0.0024 0.0024 0.0276 0.0007 0.0095 0.0332 0.0332 -0.0038 -0.0069 0.0011 -0.0076 -0.0076 -0.0124 -0.0124 0.0132 0.016 0.016 0.0069 -0.0112 0.0115 0.0163 -0.0021 0.0043 -0.009 -0.009 0.0186 0.0018 0.0021 0.0008 -0.0077 -0.0148 0.0038 0.0089 -0.0096 0.0218 -0.0164 -0.0048 0.3884 0.0455 -0.0118 0.0213 0.0036 -0.0002 0.0205 0.0029 0.0064 0.0271 -0.0399 0.019 0.0067 0.0154 -0.0078 0.005 -0.0073 -0.0185 0.0023 -0.009 -0.007 0.0116 -0.0002 -0.0053 -0.0185 0.0039 0.0004 0.0003 0.014 0.0039 -0.0009 0.0348 0.0258 0.0039 0.0052 -0.004 0.018 -0.0126 0.0403 0.0026 0.0061 0.0079 -0.0301 0.0031 -0.0018 0.0144 -0.0145 0.0183
0.0143 -0.0093 -0.0017 0.0069 0.0184 0.0244 -0.0006 0.0146 -0.0688 -0.011 -0.011 0.0135 0.0134 -0.0171 0.0189 0.0189 -0.0101 -0.0065 0.0269 -0.0098 -0.0098 0.0051 0.0051 0.0498 0.0411 0.0411 -0.0163 0.0032 0.0004 -0.0182 0.0006 0.0028 -0.0159 -0.0159 -0.0013 -0.0009 -0.0198 -0.0009 0.0055 0.0059 -0.0154 0.0054 0.012 0.0093 -0.0054 -0.0178 0.0455 0.469 0.0468 0.0131 0.0041 -0.0054 0.0012 -0.0021 -0.0189 0.0049 -0.0052 0.0331 0.006 -0.0113 0.0021 -0.0328 -0.007 -0.0033 0.0082 -0.0043 0.0037 0.0102 0.0031 -0.026 -0.012 0.0077 -0.0156 0.0 -0.0013 -0.0159 -0.0075 -0.004 -0.0109 0.0022 -0.0154 -0.0146 -0.0179 0.0167 0.0019 0.0109 -0.0041 -0.013 0.0053 0.0233 0.0266 -0.0055 -0.0001 0.0015
0.0207 0.0021 0.0031 -0.0012 0.0082 0.0173 -0.0072 0.0026 -0.0056 -0.0097 -0.0097 -0.0043 0.0035 0.0064 -0.0034 -0.0034 0.0072 0.0086 0.0048 -0.0044 -0.0044 0.0082 0.0082 0.006 0.0042 0.0042 -0.0138 0.017 0.0012 0.004 -0.0009 0.0171 -0.0036 -0.0036 0.0078 0.0004 0.0033 0.0012 -0.0009 0.0066 -0.0027 -0.0082 0.0153 0.0128 -0.0034 0.0022 -0.0118 0.0468 0.2 0.0189 0.0011 -0.0132 -0.0122 -0.0032 -0.0087 -0.0063 0.0086 0.0243 -0.013 0.0109 0.0172 -0.0046 0.0082 -0.0112 -0.0006 0.006 0.0122 0.0056 0.005 0.0021 -0.001 0.009 0.0011 0.0065 -0.0176 -0.0034 -0.0005 -0.0059 -0.0047 -0.0019 0.0043 -0.0023 -0.0018 0.0178 -0.0091 -0.0006 -0.0058 0.0137 -0.0092 0.0089 0.0056 -0.0036 0.0151 -0.0133
-0.0068 -0.0017 0.0085 0.0327 -0.0022 0.0158 0.0115 -0.0017 -0.0134 0.0111 0.0111 0.0399 -0.0103 -0.0093 -0.0066 -0.0066 0.0241 0.0285 0.005 0.0148 0.0148 0.0301 0.0301 -0.0027 0.0015 0.0015 -0.017 0.0025 0.0377 -0.0068 -0.0016 0.0106 0.0147 0.0147 -0.0001 -0.0101 0.0096 -0.0041 0.0023 -0.0029 0.0032 -0.0045 -0.0142 -0.0235 -0.0085 -0.0054 0.0213 0.0131 0.0189 0.4703 0.0091 -0.0087 0.0072 0.0112 0.0052 0.021 0.0055 0.0161 -0.0041 0.0039 -0.0048 -0.0023 -0.0002 -0.0008 0.0206 0.0157 0.0071 -0.0149 -0.0159 -0.0049 -0.034 -0.0087 0.0149 -0.013 -0.0186 -0.0144 -0.0064 -0.0127 0.0041 0.0157 0.0178 -0.0154 -0.0352 0.0037 0.0115 -0.0043 -0.0192 0.0159 -0.0148 0.0167 0.0013 0.034 -0.0152 0.01
0.006 0.0025 -0.0045 0.0111 0.0142 0.0054 -0.0128 -0.0077 -0.0042 -0.0017 -0.0017 0.0077 -0.0107 -0.006 -0.0155 -0.0155 -0.0129 -0.0139 -0.0065 -0.0114 -0.0114 -0.0117 -0.0117 0.0246 0.0262 0.0262 0.0033 0.0231 0.0006 0.0047 0.0034 -0.0133 0.0009 0.0009 0.003 -0.0021 0.0037 0.001 -0.0035 -0.0105 0.0078 0.0119 -0.0015 0.0133 0.0021 0.0056 0.0036 0.0041 0.0011 0.0091 0.2717 0.0192 -0.0229 -0.0063 -0.0027 -0.0006 0.0008 -0.0051 -0.0097 0.0058 -0.0292 -0.0004 0.0097 0.0127 -0.0124 0.0088 0.0161 0.0095 -0.0015 0.0091 -0.0014 0.0051 0.0058 -0.0011 -0.0008 0.0109 0.0008 0.0138 0.012 -0.0042 -0.0152 0.0012 -0.0099 0.0074 -0.0027 0.0049 -0.0061 -0.0044 -0.0022 -0.0016 -0.009 0.0138 -0.0087 0.0178
-0.0369 0.0017 -0.0051 0.0146 -0.0102 -0.0041 0.0181 -0.0042 0.0033 -0.0072 -0.0072 -0.008 -0.0242 0.037 0.0122 0.0122 -0.0122 -0.0153 0.0113 0.0015 0.0015 0.0114 0.0114 -0.0113 0.0003 0.0003 0.0122 0.0033 0.0049 0.0221 -0.0042 0.0025 -0.006 -0.006 0.0101 -0.0055 0.0087 -0.0015 0.0012 0.0065 0.012 0.0012 0.005 0.0362 -0.0026 0.001 -0.0002 -0.0054 -0.0132 -0.0087 0.0192 0.5267 0.0184 -0.0018 -0.0037 -0.0031 -0.0135 -0.0298 0.0013 0.0037 -0.0035 0.0311 0.0275 0.0021 0.0107 0.0015 -0.0095 0.0005 -0.011 -0.0001 -0.0431 0.0093 0.0188 0.0036 -0.0173 0.0214 -0.0078 0.0198 -0.0207 0.0064 -0.0137 0.0267 0.0209 -0.001 -0.0098 0.0113 -0.0255 -0.0309 0.0241 0.0303 -0.0172 0.0138 0.0132 0.0034
-0.0083 0.0111 -0.0039 -0.0074 0.0186 -0.0109 0.0036 0.027 -0.0447 0.0232 0.0232 0.0131 -0.023 0.0004 0.0027 0.0027 0.0209 0.0236 -0.0089 0.0001 0.0001 -0.0188 -0.0188 0.0007 -0.0004 -0.0004 -0.0172 0.0045 0.0162 0.0056 0.0025 -0.0071 0.0143 0.0143 0.003 -0.0016 0.0129 -0.0014 -0.0123 0.006 -0.0162 0.0087 0.0036 0.0261 0.0158 -0.0527 0.0205 0.0012 -0.0122 0.0072 -0.0229 0.0184 0.5449 -0.0012 0.0044 -0.0447 0.0021 -0.0142 -0.0032 0.0227 0.0126 0.0287 0.0031 0.0187 -0.0031 -0.0086 -0.0021 -0.0022 0.022 0.0232 0.0011 -0.0036 -0.0123 0.0002 0.0125 -0.0089 -0.0086 0.0012 0.0004 -0.0029 -0.0272 -0.026 -0.0118 0.011 0.0132 -0.004 0.0235 -0.0186 -0.0046 -0.0169 -0.0162 -0.0064 -0.0022 -0.0271
0.0041 -0.0021 0.0022 0.0037 0.0114 -0.0094 0.0033 -0.0017 0.0119 -0.004 -0.004 0.0014 -0.006 -0.0013 0.0088 0.0088 0.0089 0.0092 -0.0003 0.0011 0.0011 0.0075 0.0075 0.0042 0.0053 0.0053 -0.0113 -0.0104 -0.0053 0.0022 -0.001 0.0068 -0.001 -0.001 -0.0079 0.0001 0.0019 -0.0001 0.0016 -0.0064 0.0073 -0.0124 0.0003 0.0109 -0.0009 0.0023 0.0029 -0.0021 -0.0032 0.0112 -0.0063 -0.0018 -0.0012 0.0553 0.0036 0.0121 -0.002 -0.0092 0.0056 0.0002 -0.0056 0.0075 0.0007 0.0025 -0.0038 0.0042 0.0064 -0.0044 -0.0041 0.0019 0.0071 0.0003 -0.0007 -0.0048 0.0043 0.011 -0.0005 -0.0011 0.0036 -0.0056 0.0009 -0.0009 0.009 -0.003 -0.0067 -0.002 0.0004 -0.0092 0.0049 0.0129 -0.0035 0.0012 -0.0128 0.0001
0.0064 0.0139 0.0097 0.0006 -0.0024 -0.0066 0.0179 0.0181 -0.0069 0.041 0.041 0.0084 0.0006 0.0151 -0.0036 -0.0036 -0.0138 -0.0097 -0.0032 0.0118 0.0118 0.0343 0.0343 0.015 0.0137 0.0137 -0.0126 0.0066 0.0318 -0.015 -0.0038 0.002 0.0008 0.0008 0.019 -0.0029 -0.0182 0.0035 -0.0035 0.0089 -0.0094 -0.0291 0.0092 0.0114 -0.0024 0.0047 0.0064 -0.0189 -0.0087 0.0052 -0.0027 -0.0037 0.0044 0.0036 0.4819 -0.0044 0.0051 0.004 -0.003 -0.0097 0.0108 0.037 0.0041 -0.0029 0.0101 -0.0044 0.0147 0.0342 -0.0069 0.0081 -0.0058 0.0191 0.0441 -0.0025 0.0042 -0.0118 0.0026 -0.0367 -0.0013 -0.0268 -0.0201 0.0036 0.0009 0.0052 -0.009 -0.0086 0.0017 -0.0137 -0.0133 0.0054 -0.0052 0.0378 0.0436 0.0013
-0.0343 -0.0052 -0.0125 0.0117 -0.0333 -0.0088 0.0029 0.0082 0.0042 -0.0051 -0.0051 0.0074 -0.0131 -0.0299 0.0177 0.0177 0.01 0.0139 -0.0197 -0.0154 -0.0154 0.0389 0.0389 0.0074 0.0039 0.0039 -0.0213 -0.011 0.0129 -0.0129 -0.0001 0.0026 0.0038 0.0038 0.0075 -0.0049 -0.0173 -0.0025 0.0034 -0.0128 -0.029 -0.0115 0.0071 0.028 0.0014 0.0352 0.0271 0.0049 -0.0063 0.021 -0.0006 -0.0031 -0.0447 0.0121 -0.0044 0.4292 -0.0505 -0.0134 0.0191 0.0067 0.0022 -0.0092 0.026 -0.0152 0.0103 -0.0089 -0.0284 -0.0009 -0.0078 -0.0027 -0.0077 -0.0196 0.005 0.0018 0.0013 0.013 -0.0009 0.0316 -0.0232 0.0266 -0.0054 -0.0335 -0.0056 -0.0029 0.0045 0.0004 -0.0071 -0.0108 0.0049 0.0118 -0.0096 0.0082 0.0172 0.0142
0.0083 -0.0053 -0.0131 -0.0107 -0.018 -0.0182 0.0193 -0.0042 -0.0486 -0.0094 -0.0094 -0.0039 0.0075 0.0092 -0.002 -0.002 0.0039 0.0065 -0.0136 0.0132 0.0132 -0.0154 -0.0154 -0.025 -0.0277 -0.0277 -0.0209 -0.0091 -0.0187 0.0171 -0.0004 -0.0033 -0.0066 -0.0066 0.0047 0.0032 0.0047 0.0031 0.0118 -0.0047 -0.0201 0.0017 0.0037 0.0087 0.0018 0.0193 -0.0399 -0.0052 0.0086 0.0055 0.0008 -0.0135 0.0021 -0.002 0.0051 -0.0505 0.5464 0.0071 -0.0133 0.007 -0.0187 -0.0304 0.0251 0.0182 0.0023 -0.0245 0.0054 0.0039 -0.0067 -0.0027 0.0324 -0.0024 -0.0313 0.0021 0.0059 -0.016 0.0027 0.0215 0.0019 -0.007 0.005 0.0218 -0.0317 -0.0171 -0.0133 -0.0081 -0.0244 0.0291 -0.0222 0.0151 -0.0058 0.0035 0.0103 0.0069
